#,"Country,Other",TotalCases,NewCases,TotalDeaths,NewDeaths,TotalRecovered,NewRecovered,ActiveCases,"Serious,Critical",Tot Cases/1M pop,Deaths/1M pop,TotalTests,Tests/,1M pop,,Population,Continent,1 Caseevery X ppl1 Deathevery X ppl1 Testevery X ppl,New Cases/1M pop,New Deaths/1M pop,Active Cases/1M pop
,World,"177,086,088","+64,266","3,829,038","+1,437","161,294,735","+84,758","11,962,315","84,444","22,718",491.2,,,,All,,,,,,,
1,USA,"34,335,239",,"615,232 ",,"28,436,981",,"5,283,026","4,403","103,155","1,848","495,219,762","1,487,818","332,849,650 ",North America,105411,,,"15,872"
2,India,"29,570,881",+846,"377,061 ",,"28,280,472","+7,692","913,348","8,944","21,230",271,"381,375,984","273,800","1,392,901,572 ",Asia,"473,6944",0.6,,656
3,Brazil,"17,454,861",,"488,404 ",,"15,854,264",,"1,112,193","8,318","81,566","2,282","50,801,042","237,392","213,996,756 ",South America,124384,,,"5,197"
4,France,"5,741,354",,"110,454 ",,"5,498,596",,"132,304","2,068","87,773","1,689","89,335,868","1,365,761","65,411,076 ",Europe,115921,,,"2,023"
5,Turkey,"5,336,073",,"48,795 ",,"5,206,836",,"80,442",929,"62,629",573,"57,223,789","671,629","85,201,530 ",Asia,"161,7461",,,944
6,Russia,"5,236,593","+14,185","127,180 ",+379,"4,818,244","+8,597","291,169","2,300","35,869",871,"143,300,000","981,547","145,994,086 ",Europe,"281,1481",97,3,"1,994"
7,UK,"4,573,419",,"127,907 ",,"4,289,778",,"155,734",161,"67,034","1,875","195,734,654","2,868,941","68,225,401 ",Europe,155330,,,"2,283"
8,Italy,"4,245,779",,"127,038 ",,"3,960,951",,"157,790",536,"70,321","2,104","68,684,085","1,137,585","60,377,078 ",Europe,144751,,,"2,613"
9,Argentina,"4,145,482",,"86,029 ",,"3,748,794",,"310,659","7,969","90,929","1,887","15,288,817","335,354","45,590,077 ",South America,115303,,,"6,814"
10,Colombia,"3,777,600",,"96,366 ",,"3,510,709",,"170,525","8,155","73,497","1,875","18,252,274","355,114","51,398,316 ",South America,145333,,,"3,318"
11,Spain,"3,741,767",,"80,517 ",,"3,526,831",,"134,419",917,"80,000","1,721","51,240,666","1,095,541","46,772,033 ",Europe,125811,,,"2,874"
12,Germany,"3,724,201",,"90,527 ",,"3,586,000","+5,400","47,674","1,598","44,315","1,077","62,263,057","740,883","84,039,039 ",Europe,239281,,,567
13,Iran,"3,049,648","+10,216","82,351 ",+134,"2,683,210","+16,609","284,087","3,394","35,872",969,"21,817,747","256,637","85,014,049 ",Asia,"281,0324",120,2,"3,342"
14,Poland,"2,877,819",+215,"74,626 ",+52,"2,649,080",+221,"154,113",277,"76,118","1,974","16,660,303","440,666","37,807,102 ",Europe,135072,6,1,"4,076"
15,Mexico,"2,455,351","+1,175","230,185 ",+37,"1,956,576","+2,324","268,590","4,798","18,855","1,768","7,233,257","55,546","130,220,196 ",North America,5356618,9,0.3,"2,063"
16,Ukraine,"2,224,992","+1,014","51,769 ",+77,"2,136,176","+5,511","37,047",177,"51,169","1,191","10,516,186","241,846","43,483,060 ",Europe,208404,23,2,852
17,Peru,"2,004,252",,"188,921 ",,N/A,N/A,N/A,"2,535","59,993","5,655","13,471,110","403,231","33,407,957 ",South America,171772,,,"2,834"
18,Indonesia,"1,927,708","+8,161","53,280 ",+164,"1,757,641","+6,407","116,787",,"6,978",193,"17,994,502","65,133","276,272,465 ",Asia,"1435,18515",30,0.6,423
19,South Africa,"1,752,630",,"57,879 ",,"1,611,447",,"83,304",546,"29,201",964,"12,223,448","203,660","60,018,957 ",Africa,"341,0375",,,"1,388"
20,Netherlands,"1,673,596",,"17,714 ",,"1,576,014",,"79,868",264,"97,467","1,032","14,444,249","841,201","17,170,982 ",Europe,109691,,,"4,651"
21,Czechia,"1,665,327",+188,"30,229 ",,"1,630,938",+27,"4,160",24,"155,233","2,818","27,067,357","2,523,079","10,727,905 ",Europe,63550,18,,388
22,Chile,"1,482,663",,"30,804 ",,"1,406,555",,"45,304","3,290","76,933","1,598","16,031,930","831,867","19,272,237 ",South America,136261,,,"2,351"
23,Canada,"1,403,285",,"25,944 ",,"1,361,387",,"15,954",670,"36,873",682,"35,785,462","940,317","38,056,808 ",North America,"271,4671",,,419
24,Philippines,"1,327,431","+5,389","22,963 ",+118,"1,246,405","+6,667","58,063","1,704","11,962",207,"14,137,513","127,404","110,966,155 ",Asia,"844,8328",49,1,523
25,Iraq,"1,259,683",,"16,736 ",,"1,176,576",,"66,371",464,"30,666",407,"11,014,936","268,151","41,077,310 ",Asia,"332,4544",,,"1,616"
26,Sweden,"1,083,456",,"14,537 ",,"1,029,008",,"39,911",106,"106,648","1,431","10,423,085","1,025,977","10,159,183 ",Europe,96991,,,"3,929"
27,Romania,"1,079,879",+103,"31,957 ",+10,"1,044,563",+159,"3,359",202,"56,493","1,672","9,434,296","493,549","19,115,223 ",Europe,185982,5,0.5,176
28,Belgium,"1,076,579",+241,"25,093 ",+5,"1,003,023",,"48,463",274,"92,508","2,156","14,551,567","1,250,388","11,637,638 ",Europe,114641,21,0.4,"4,164"
29,Pakistan,"943,027",+838,"21,782 ",+59,"880,316","+1,576","40,929","2,611","4,192",97,"13,892,289","61,755","224,958,200 ",Asia,"23910,32816",4,0.3,182
30,Portugal,"858,072",,"17,047 ",,"815,622",,"25,403",77,"84,386","1,676","12,374,151","1,216,927","10,168,359 ",Europe,125961,,,"2,498"
31,Israel,"839,690",,"6,430 ",,"833,029",,231,30,"90,038",689,"14,758,111","1,582,470","9,326,000 ",Asia,"111,4501",,,25
32,Bangladesh,"829,972",,"13,172 ",,"768,830",,"47,970","1,194","4,992",79,"6,195,714","37,268","166,249,007 ",Asia,"20012,62127",,,289
33,Hungary,"807,102",+57,"29,935 ",+10,"731,626","+1,038","45,541",44,"83,751","3,106","5,996,016","622,189","9,636,963 ",Europe,123222,6,1,"4,726"
34,Japan,"776,307",+936,"14,126 ",+55,"733,316","+2,870","28,865",827,"6,156",112,"15,494,981","122,871","126,107,259 ",Asia,"1628,9278",7,0.4,229
35,Jordan,"743,877",,"9,602 ",,"726,932",,"7,343",540,"72,225",932,"7,563,575","734,369","10,299,417 ",Asia,"141,0731",,,713
36,Serbia,"715,015",,"6,970 ",,"703,771",,"4,274",24,"82,150",801,"4,282,416","492,017","8,703,804 ",Europe,"121,2492",,,491
37,Switzerland,"700,735",,"10,861 ",,"668,678",,"21,196",86,"80,407","1,246","7,999,355","917,902","8,714,827 ",Europe,128021,,,"2,432"
38,Malaysia,"667,876","+5,419","4,069 ",+101,"593,695","+6,831","70,112",922,"20,387",124,"13,290,585","405,697","32,759,865 ",Asia,"498,0512",165,3,"2,140"
39,Austria,"648,849",+117,"10,668 ",+6,"634,439",+316,"3,742",97,"71,654","1,178","48,813,163","5,390,563","9,055,300 ",Europe,148490,13,0.7,413
40,Nepal,"610,521",,"8,465 ",,"536,252",,"65,804",,"20,602",286,"3,224,163","108,800","29,633,797 ",Asia,"493,5019",,,"2,221"
41,UAE,"601,950","+2,127","1,734 ",+4,"581,139","+2,094","19,077",,"60,171",173,"53,787,952","5,376,685","10,003,924 ",Asia,"175,7690",213,0.4,"1,907"
42,Lebanon,"542,649",,"7,801 ",,"527,645",,"7,203",77,"79,845","1,148","4,599,186","676,720","6,796,290 ",Asia,138711,,,"1,060"
43,Morocco,"523,999",,"9,213 ",,"511,440",,"3,346",110,"14,038",247,"6,634,272","177,738","37,326,203 ",Africa,"714,0516",,,90
44,Saudi Arabia,"466,906",,"7,590 ",,"449,241",,"10,075","1,596","13,216",215,"20,438,923","578,541","35,328,415 ",Asia,"764,6552",,,285
45,Ecuador,"439,139",,"21,051 ",,"398,645",,"19,443",444,"24,537","1,176","1,471,040","82,193","17,897,337 ",South America,4185012,,,"1,086"
46,Bulgaria,"420,493",,"17,915 ",,"390,388",,"12,190",242,"60,954","2,597","3,000,226","434,909","6,898,520 ",Europe,163852,,,"1,767"
47,Greece,"415,401",,"12,437 ",,"393,123",,"9,841",353,"40,041","1,199","10,079,010","971,519","10,374,487 ",Europe,258341,,,949
48,Bolivia,"409,106","+2,152","15,614 ",+72,"324,028","+2,363","69,464",200,"34,599","1,321","1,646,029","139,208","11,824,220 ",South America,297577,182,6,"5,875"
49,Belarus,"406,360",,"2,987 ",,"399,174",,"4,199",,"43,018",316,"6,544,800","692,838","9,446,361 ",Europe,"233,1621",,,445
50,Kazakhstan,"402,996",+757,"4,180 ",+9,"378,707","+1,065","20,109",221,"21,221",220,"11,575,012","609,529","18,990,078 ",Asia,"474,5432",40,0.5,"1,059"
51,Paraguay,"393,482",,"10,954 ",,"327,670",,"54,858",617,"54,531","1,518","1,416,727","196,338","7,215,765 ",South America,186595,,,"7,603"
52,Slovakia,"391,087",+49,"12,446 ",+5,"377,425",+143,"1,216",45,"71,599","2,279","2,899,336","530,804","5,462,162 ",Europe,144392,9,0.9,223
53,Panama,"388,325",,"6,451 ",,"372,341",,"9,533",105,"88,674","1,473","2,805,213","640,573","4,379,224 ",North America,116792,,,"2,177"
54,Tunisia,"370,224",,"13,567 ",,"323,201",,"33,456",424,"31,017","1,137","1,568,353","131,395","11,936,154 ",Africa,328808,,,"2,803"
55,Croatia,"358,677",+96,"8,160 ",+8,"349,750",+168,767,28,"87,887","1,999","2,086,716","511,311","4,081,110 ",Europe,115002,24,2,188
56,Georgia,"355,368","+1,092","5,083 ",+23,"341,103",+775,"9,182",,"89,247","1,277","5,400,005","1,356,149","3,981,867 ",Asia,117831,274,6,"2,306"
57,Costa Rica,"343,604",,"4,388 ",,"262,852",,"76,364",485,"66,871",854,"1,351,949","263,110","5,138,345 ",North America,"151,1714",,,"14,862"
58,Uruguay,"340,818",,"5,036 ",,"303,880",,"31,902",443,"97,790","1,445","2,556,998","733,675","3,485,193 ",South America,106921,,,"9,154"
59,Azerbaijan,"335,196",,"4,955 ",,"328,699",,"1,542",,"32,779",485,"3,627,573","354,738","10,226,069 ",Asia,"312,0643",,,151
60,Kuwait,"329,526",,"1,828 ",,"311,559",,"16,139",172,"76,094",422,"2,763,860","638,228","4,330,523 ",Asia,"132,3692",,,"3,727"
61,Palestine,"311,690",,"3,539 ",,"304,138",,"4,013",13,"59,783",679,"1,859,716","356,698","5,213,698 ",Asia,"171,4733",,,770
62,Dominican Republic,"309,477",,"3,708 ",,"252,803",,"52,966",475,"28,259",339,"1,627,049","148,571","10,951,312 ",North America,"352,9537",,,"4,836"
63,Denmark,"290,111",,"2,526 ",,"279,072",,"8,513",20,"49,919",435,"62,737,139","10,795,115","5,811,623 ",Europe,"202,3010",,,"1,465"
64,Lithuania,"277,942",+129,"4,348  ",+4,"264,037",+595,"9,557",88,"103,479","1,619","3,619,766","1,347,648","2,685,987 ",Europe,106181,48,1,"3,558"
65,Ethiopia,"274,346",,"4,250 ",,"251,107",,"18,989",238,"2,332",36,"2,791,959","23,729","117,658,580 ",Africa,"42927,68442",,,161
66,Egypt,"273,795",,"15,654 ",,"201,739",,"56,402",90,"2,628",150,"2,869,589","27,549","104,164,359 ",Africa,"3806,65436",,,541
67,Guatemala,"271,990",,"8,465 ",,"247,134",,"16,391",5,"14,920",464,"1,498,396","82,195","18,229,810 ",North America,"672,15412",,,899
68,Ireland,"267,061",,"4,941 ",,"250,376",,"11,744",23,"53,517",990,"4,729,538","947,766","4,990,198 ",Europe,"191,0101",,,"2,353"
69,Bahrain,"259,523",,"1,236 ",,"246,074",,"12,213",276,"147,676",703,"4,831,727","2,749,399","1,757,376 ",Asia,"71,4220",,,"6,950"
70,Slovenia,"256,581",+112,"4,408 ",+2,"249,642",+321,"2,531",40,"123,403","2,120","1,321,072","635,372","2,079,210 ",Europe,84722,54,1.0,"1,217"
71,Moldova,"255,830",,"6,154 ",,"248,733",,943,56,"63,560","1,529","1,181,446","293,525","4,025,024 ",Europe,166543,,,234
72,Venezuela,"252,883",,"2,845 ",,"233,028",,"17,010",287,"8,917",100,"3,359,014","118,446","28,359,115 ",South America,"1129,9688",,,600
73,Honduras,"248,115",+387,"6,653 ",+22,"89,324","+1,160","152,138",570,"24,678",662,"753,629","74,957","10,054,093 ",North America,"411,51113",38,2,"15,132"
74,Oman,"236,440",,"2,532 ",,"211,494",,"22,414",373,"45,213",484,"1,550,000","296,395","5,229,513 ",Asia,"222,0653",,,"4,286"
75,Sri Lanka,"225,922",,"2,260 ",,"190,464",,"33,198",,"10,509",105,"3,633,410","169,006","21,498,720 ",Asia,"959,5136",,,"1,544"
76,Armenia,"223,805",+82,"4,489 ",+1,"215,455",+227,"3,861",,"75,393","1,512","1,131,239","381,079","2,968,518 ",Asia,136613,28,0.3,"1,301"
77,Qatar,"219,887",,579 ,,"217,143",,"2,165",85,"78,313",206,"2,084,963","742,560","2,807,805 ",Asia,"134,8491",,,771
78,Bosnia and Herzegovina,"204,668",,"9,495 ",,"177,976",,"17,197",,"62,756","2,911","1,004,976","308,148","3,261,346 ",Europe,163433,,,"5,273"
79,Thailand,"202,264","+3,000","1,485 ",+19,"157,944",,"42,835","1,169","2,891",21,"8,129,670","116,193","69,966,781 ",Asia,"34647,1169",43,0.3,612
80,Libya,"189,555",+271,"3,166 ",+1,"175,226",+250,"11,163",,"27,235",455,"1,074,250","154,346","6,960,018 ",Africa,"372,1986",39,0.1,"1,604"
81,Kenya,"175,681",,"3,421 ",,"120,359",,"51,901",113,"3,200",62,"1,870,479","34,075","54,893,177 ",Africa,"31216,04629",,,945
82,Nigeria,"167,078",,"2,117 ",,"163,469",,"1,492",11,792,10,"2,231,409","10,577","210,974,843 ",Africa,"1,26399,65795",,,7
83,Cuba,"159,057",,"1,098 ",,"150,855",,"7,104",150,"14,051",97,"4,638,018","409,718","11,320,027 ",North America,"7110,3102",,,628
84,North Macedonia,"155,540",,"5,472 ",,"149,642",,426,25,"74,661","2,627","835,436","401,017","2,083,292 ",Europe,133812,,,204
85,S. Korea,"148,647",+374,"1,992 ",+4,"139,733",+711,"6,922",158,"2,897",39,"10,196,470","198,718","51,311,222 ",Asia,"34525,7595",7,0.08,135
86,Myanmar,"145,826",,"3,248 ",,"132,969",,"9,609",,"2,663",59,"2,651,053","48,415","54,756,817 ",Asia,"37516,85921",,,175
87,Latvia,"136,247",+143,"2,464 ",+8,"130,823",,"2,960",48,"73,005","1,320","2,800,238","1,500,438","1,866,280 ",Europe,147571,77,4,"1,586"
88,Algeria,"133,742",,"3,579 ",,"93,094",,"37,069",30,"2,999",80,"230,861","5,176","44,601,969 ",Africa,"33312,462193",,,831
89,Albania,"132,461",,"2,453 ",,"129,865",,143,18,"46,077",853,"760,285","264,465","2,874,802 ",Europe,"221,1724",,,50
90,Estonia,"130,599",+61,"1,266 ",,"125,929",+131,"3,404",5,"98,388",954,"1,479,570","1,114,650","1,327,385 ",Europe,"101,0481",46,,"2,564"
91,Norway,"128,277",,789 ,,"88,952",,"38,536",10,"23,487",144,"5,847,413","1,070,649","5,461,559 ",Europe,"436,9221",,,"7,056"
92,Zambia,"113,134",,"1,416 ",,"98,994",,"12,724",664,"5,995",75,"1,697,859","89,973","18,870,721 ",Africa,"16713,32711",,,674
93,Kyrgyzstan,"111,343",+514,"1,905 ",+6,"103,257",+367,"6,181",102,"16,803",287,"1,201,473","181,318","6,626,320 ",Asia,"603,4786",78,0.9,933
94,Uzbekistan,"104,113",+300,709 ,+1,"99,986",+253,"3,418",23,"3,068",21,"1,377,915","40,611","33,929,687 ",Asia,"32647,85625",9,0.03,101
95,Montenegro,"99,964",,"1,602 ",,"97,951",,411,60,"159,142","2,550","431,433","686,840","628,142 ",Europe,63921,,,654
96,Ghana,"94,493",,789 ,,"92,589",,"1,115",5,"2,982",25,"1,208,386","38,134","31,687,517 ",Africa,"33540,16226",,,35
97,Finland,"93,923",+73,964 ,,"46,000",,"46,959",9,"16,926",174,"5,236,126","943,630","5,548,919 ",Europe,"595,7561",13,,"8,463"
98,Afghanistan,"93,272",,"3,683 ",,"61,706",,"27,883","1,124","2,346",93,"533,222","13,411","39,758,628 ",Asia,"42610,79575",,,701
99,Mongolia,"80,733","+2,386",380 ,+11,"57,822",+797,"22,531",126,"24,256",114,"3,083,418","926,401","3,328,384 ",Asia,"418,7591",717,3,"6,769"
100,Cameroon,"80,090",,"1,310 ",,"77,305",,"1,475",152,"2,948",48,"1,718,937","63,263","27,171,200 ",Africa,"33920,74116",,,54
101,El Salvador,"75,351",,"2,304 ",+5,"70,150",,"2,897",18,"11,562",354,"1,017,902","156,183","6,517,354 ",North America,"862,8296",,0.8,445
102,Cyprus,"73,247",,374 ,,"71,638",,"1,235",11,"60,250",308,"7,253,944","5,966,793","1,215,719 ",Asia,"173,2510",,,"1,016"
103,Mozambique,"71,568",,841 ,,"69,889",,838,17,"2,231",26,"568,719","17,726","32,083,324 ",Africa,"44838,14956",,,26
104,Maldives,"70,673",,198 ,,"61,761",,"8,714",90,"128,596",360,"937,121","1,705,177","549,574 ",Asia,"82,7761",,,"15,856"
105,Luxembourg,"70,445",,818 ,,"69,129",,498,3,"110,825","1,287","2,988,239","4,701,143","635,641 ",Europe,97770,,,783
106,Namibia,"65,815",,"1,008 ",,"55,187",,"9,620",72,"25,465",390,"470,132","181,901","2,584,542 ",Africa,"392,5645",,,"3,722"
107,Uganda,"63,099",,434 ,,"48,480",,"14,185",24,"1,340",9,"1,203,499","25,549","47,105,212 ",Africa,"747108,53739",,,301
108,Singapore,"62,315",+14,34 ,,"61,894",,387,2,"10,572",6,"12,809,152","2,173,215","5,894,102 ",Asia,"95173,3560",2,,66
109,Botswana,"61,457",,926 ,,"56,798",,"3,733",1,"25,643",386,"1,230,113","513,268","2,396,627 ",Africa,"392,5882",,,"1,558"
110,Jamaica,"49,356",,"1,011 ",,"27,732",,"20,613",13,"16,599",340,"407,661","137,099","2,973,470 ",North America,"602,9417",,,"6,932"
111,Ivory Coast,"47,760",,306 ,,"47,239",,215,,"1,769",11,"654,588","24,247","26,996,457 ",Africa,"56588,22441",,,8
112,Senegal,"42,050",+27,"1,156 ",+1,"40,637",+46,257,8,"2,450",67,"540,868","31,517","17,161,306 ",Africa,"40814,84532",2,0.06,15
113,Madagascar,"41,966",+18,891 ,+2,"40,279",+15,796,77,"1,480",31,"209,237","7,377","28,364,534 ",Africa,"67631,834136",0.6,0.07,28
114,Zimbabwe,"40,077",,"1,635 ",,"37,027",,"1,415",2,"2,660",109,"599,541","39,788","15,068,321 ",Africa,"3769,21625",,,94
115,Cambodia,"39,464",+495,361 ,+13,"33,571",+604,"5,532",,"2,330",21,"1,253,563","74,006","16,938,666 ",Asia,"42946,92214",29,0.8,327
116,Angola,"36,790",,836 ,,"30,359",,"5,595",11,"1,087",25,"599,707","17,726","33,831,918 ",Africa,"92040,46956",,,165
117,Sudan,"36,304",,"2,732 ",,"29,994",,"3,578",,810,61,"232,965","5,198","44,818,605 ",Africa,"1,23516,405192",,,80
118,DRC,"35,668",,846 ,,"27,849",,"6,973",,387,9,"177,960","1,932","92,133,757 ",Africa,"2,583108,905518",,,76
119,Malawi,"34,564",,"1,159 ",,"32,753",,652,12,"1,764",59,"253,426","12,931","19,597,619 ",Africa,"56716,90977",,,33
120,Cabo Verde,"31,647",,276 ,,"30,542",,829,23,"56,339",491,"163,434","290,950","561,726 ",Africa,"182,0353",,,"1,476"
121,Malta,"30,582",,419 ,,"30,112",+3,51,,"69,086",947,"955,643","2,158,850","442,663 ",Europe,"141,0560",,,115
122,Australia,"30,272",+10,910 ,,"29,189",,173,1,"1,174",35,"19,366,674","751,200","25,780,993 ",Australia/Oceania,"85228,3311",0.4,,7
123,Trinidad and Tobago,"28,982",,677 ,,"19,141",,"9,164",22,"20,645",482,"211,955","150,986","1,403,803 ",North America,"482,0747",,,"6,528"
124,Rwanda,"28,614",,372 ,,"26,383",,"1,859",11,"2,159",28,"1,510,426","113,942","13,256,072 ",Africa,"46335,6359",,,140
125,Réunion,"27,235",,212 ,,"25,088",,"1,935",35,"30,214",235,"102,720","113,957","901,390 ",Africa,"334,2529",,,"2,147"
126,French Guiana,"25,788",,136 ,,"9,995",,"15,657",31,"84,273",444,"269,146","879,545","306,006 ",South America,"122,2501",,,"51,166"
127,Syria,"24,860",,"1,815 ",,"21,682",,"1,363",,"1,389",101,"103,566","5,785","17,903,057 ",Asia,"7209,864173",,,76
128,Gabon,"24,755",,157 ,,"23,910",,688,17,"10,879",69,"842,822","370,397","2,275,455 ",Africa,"9214,4933",,,302
129,Guinea,"23,398",,167 ,,"21,488",,"1,743",24,"1,737",12,"460,401","34,181","13,469,673 ",Africa,"57680,65729",,,129
130,Mayotte,"20,176",,173 ,,"2,964",,"17,039",6,"72,303",620,"176,919","634,014","279,046 ",Africa,"141,6132",,,"61,062"
131,Mauritania,"20,109",,476 ,,"19,181",,452,16,"4,220",100,"285,656","59,945","4,765,268 ",Africa,"23710,01117",,,95
132,French Polynesia,"18,939",,142 ,,"18,749",,48,,"67,052",503,"26,355","93,308","282,453 ",Australia/Oceania,"151,98911",,,170
133,Eswatini,"18,746",,676 ,,"17,952",,118,10,"16,001",577,"217,910","185,997","1,171,581 ",Africa,"621,7335",,,101
134,Suriname,"18,599",,412 ,,"14,172",,"4,015",33,"31,437",696,"71,093","120,165","591,630 ",South America,"321,4368",,,"6,786"
135,Guyana,"18,446",,430 ,,"16,313",,"1,703",21,"23,344",544,"169,995","215,139","790,165 ",South America,"431,8385",,,"2,155"
136,Papua New Guinea,"16,682",,165 ,,"16,017",,500,7,"1,832",18,"126,627","13,903","9,107,705 ",Australia/Oceania,"54655,19872",,,55
137,Haiti,"16,662",,358 ,,"12,563",,"3,741",,"1,445",31,"80,567","6,985","11,534,575 ",North America,"69232,219143",,,324
138,Guadeloupe,"16,608",,225 ,,"2,250",,"14,133",23,"41,500",562,"212,247","530,367","400,189 ",North America,"241,7792",,,"35,316"
139,Somalia,"14,817",,774 ,,"7,043",,"7,000",,908,47,"139,852","8,573","16,312,450 ",Africa,"1,10121,076117",,,429
140,Mali,"14,352",,523 ,,"9,959",,"3,870",,690,25,"307,187","14,767","20,802,155 ",Africa,"1,44939,77568",,,186
141,Andorra,"13,826",,127 ,,"13,618",,81,3,"178,670","1,641","193,595","2,501,777","77,383 ",Europe,66090,,,"1,047"
142,Togo,"13,631",,126 ,,"13,308",,197,,"1,611",15,"347,152","41,023","8,462,427 ",Africa,"62167,16224",,,23
143,Seychelles,"13,630",,50 ,,"12,173",,"1,407",,"137,780",505,"21,504","217,375","98,926 ",Africa,"71,9795",,,"14,223"
144,Burkina Faso,"13,459",,167 ,,"13,272",,20,,628,8,"192,022","8,954","21,445,283 ",Africa,"1,593128,415112",,,0.9
145,Tajikistan,"13,308",,90 ,,"13,218",,0,,"1,366",9,,,"9,740,527 ",Asia,"732108,228",,,
146,Taiwan,"13,241",+135,460 ,+8,"8,042",+425,"4,739",,555,19,"1,491,078","62,498","23,857,836 ",Asia,"1,80251,86516",6,0.3,199
147,Belize,"12,971",,326 ,,"12,479",,166,1,"32,069",806,"142,646","352,671","404,473 ",North America,"311,2413",,,410
148,Curaçao,"12,296",,123 ,,"12,144",,29,4,"74,642",747,"120,430","731,066","164,732 ",North America,"131,3391",,,176
149,Bahamas,"12,199",,237 ,,"11,136",,826,4,"30,742",597,"101,962","256,950","396,816 ",North America,"331,6744",,,"2,082"
150,Congo,"12,121",,160 ,,"11,211",,750,,"2,147",28,"158,304","28,035","5,646,633 ",Africa,"46635,29136",,,133
151,Martinique,"12,110",,98 ,,98,,"11,914",5,"32,294",261,"186,858","498,304","374,988 ",North America,"313,8262",,,"31,772"
152,Hong Kong,"11,879",,210 ,,"11,598",,71,1,"1,572",28,"16,710,131","2,211,849","7,554,825 ",Asia,"63635,9750",,,9
153,Djibouti,"11,575",,154 ,,"11,405",,16,,"11,556",154,"165,527","165,256","1,001,639 ",Africa,"876,5046",,,16
154,Aruba,"11,081",,107 ,,"10,956",,18,14,"103,369",998,"171,329","1,598,248","107,198 ",North America,"101,0021",,,168
155,Vietnam,"10,999",+189,59 ,,"4,236",,"6,704",,112,0.6,"6,282,417","63,994","98,171,301 ",Asia,"8,9251,663,92016",2,,68
156,Lesotho,"10,923",,326 ,,"6,443",,"4,154",,"5,061",151,"102,252","47,374","2,158,400 ",Africa,"1986,62121",,,"1,925"
157,South Sudan,"10,688",,115 ,,"10,514",,59,,944,10,"164,472","14,531","11,318,411 ",Africa,"1,05998,42169",,,5
158,Equatorial Guinea,"8,662",,120 ,,"8,413",,129,1,"5,988",83,"149,330","103,236","1,446,497 ",Africa,"16712,05410",,,89
159,Timor-Leste,"8,341",,19 ,,"6,833",,"1,489",,"6,214",14,"92,122","68,632","1,342,252 ",Asia,"16170,64515",,,"1,109"
160,Benin,"8,109",,102 ,,"7,979",,28,5,653,8,"604,310","48,642","12,423,583 ",Africa,"1,532121,80021",,,2
161,Nicaragua,"7,662",,188 ,,"4,225",,"3,249",,"1,144",28,,,"6,699,432 ",North America,"87435,635",,,485
162,CAR,"7,101",,98 ,,"6,859",,144,2,"1,446",20,"54,814","11,165","4,909,418 ",Africa,"69150,09690",,,29
163,Yemen,"6,863",,"1,350 ",,"3,765",,"1,748",23,225,44,"83,351","2,737","30,448,167 ",Asia,"4,43722,554365",,,57
164,Iceland,"6,621",,30 ,,"6,558",,33,1,"19,284",87,"713,401","2,077,766","343,350 ",Europe,"5211,4450",,,96
165,Gambia,"6,016",,180 ,,"5,822",,14,3,"2,425",73,"81,795","32,970","2,480,855 ",Africa,"41213,78330",,,6
166,Niger,"5,452",,192 ,,"5,172",,88,2,218,8,"112,465","4,493","25,032,956 ",Africa,"4,592130,380223",,,4
167,Saint Lucia,"5,180",,80  ,,"5,006",,94,1,"28,087",434,"50,851","275,726","184,426 ",North America,"362,3054",,,510
168,San Marino,"5,090",,90 ,,"4,999",,1,,"149,710","2,647","67,456","1,984,058","33,999 ",Europe,73781,,,29
169,Burundi,"5,026",,8 ,,773,,"4,245",,411,0.7,"309,390","25,307","12,225,417 ",Africa,"2,4321,528,17740",,,347
170,Eritrea,"4,981",,16 ,,"4,420",,545,,"1,386",4,"23,693","6,594","3,593,026 ",Africa,"721224,564152",,,152
171,Chad,"4,943",,174 ,,"4,767",,2,,293,10,"122,852","7,282","16,871,390 ",Africa,"3,41396,962137",,,0.1
172,Sierra Leone,"4,433",,82 ,,"3,184",,"1,167",,545,10,"153,646","18,897","8,130,714 ",Africa,"1,83499,15553",,,144
173,Gibraltar,"4,312",,94 ,,"4,205",,13,,"128,025","2,791","265,300","7,876,845","33,681 ",Europe,83580,,,386
174,Channel Islands,"4,112",,86 ,,"3,956",,70,,"23,445",490,"454,413","2,590,916","175,387 ",Europe,"432,0390",,,399
175,Barbados,"4,037",,47 ,,"3,971",,19,,"14,031",163,"176,862","614,723","287,710 ",North America,"716,1212",,,66
176,Comoros,"3,901",,146 ,,"3,738",,17,,"4,397",165,,,"887,151 ",Africa,"2276,076",,,19
177,Guinea-Bissau,"3,803",,69 ,,"3,548",,186,4,"1,890",34,"70,423","35,001","2,012,036 ",Africa,"52929,16029",,,92
178,Liechtenstein,"3,026",,59 ,,"2,948",,19,3,"79,148","1,543","45,301","1,184,897","38,232 ",Europe,136481,,,497
179,New Zealand,"2,709",,26 ,,"2,656",,27,,542,5,"2,195,282","438,872","5,002,100 ",Australia/Oceania,"1,846192,3882",,,5
180,Liberia,"2,575",,94 ,,"2,099",,382,2,498,18,"112,988","21,854","5,170,226 ",Africa,"2,00855,00246",,,74
181,Sint Maarten,"2,532",,32 ,,"2,432",,68,2,"58,424",738,"28,642","660,898","43,338 ",North America,"171,3542",,,"1,569"
182,Monaco,"2,526",,33 ,,"2,473",,20,1,"63,938",835,"51,953","1,315,033","39,507 ",Europe,"161,1971",,,506
183,Bermuda,"2,498",,33 ,,"2,461",,4,7,"40,252",532,"295,775","4,766,029","62,059 ",North America,"251,8810",,,64
184,Turks and Caicos,"2,423",,18 ,,"2,389",,16,2,"61,789",459,"94,789","2,417,223","39,214 ",North America,"162,1790",,,408
185,Sao Tome and Principe,"2,358",,37 ,,"2,307",,14,,"10,573",166,"14,270","63,986","223,018 ",Africa,"956,02816",,,63
186,St. Vincent Grenadines,"2,156",,12 ,,"1,898",,246,2,"19,375",108,"51,239","460,472","111,275 ",North America,"529,2732",,,"2,211"
187,Saint Martin,"2,040",,12 ,,"1,399",,629,7,"51,919",305,"27,588","702,128","39,292 ",North America,"193,2741",,,"16,008"
188,Laos,"2,025",+15,3 ,,"1,905",+25,117,,275,0.4,"274,907","37,272","7,375,786 ",Asia,"3,6422,458,59527",2,,16
189,Bhutan,"1,826",,1 ,,"1,467",,358,,"2,342",1,"798,573","1,024,229","779,682 ",Asia,"427779,6821",,,459
190,Mauritius,"1,701",,18 ,,"1,265",,418,,"1,335",14,"358,675","281,584","1,273,778 ",Africa,"74970,7654",,,328
191,Caribbean Netherlands,"1,619",,17 ,,"1,598",,4,,"61,198",643,"8,550","323,190","26,455 ",North America,"161,5563",,,151
192,Isle of Man,"1,599",,29 ,,"1,566",,4,1,"18,710",339,"66,925","783,106","85,461 ",Europe,"532,9471",,,47
193,Fiji,"1,322",+116,5 ,+1,367,+32,950,2,"1,465",6,"153,372","169,918","902,624 ",Australia/Oceania,"683180,5256",129,1,"1,052"
194,Antigua and Barbuda,"1,263",,42 ,,"1,214",,7,,"12,796",426,"16,700","169,200","98,700 ",North America,"782,3506",,,71
195,St. Barth,"1,005",,1 ,,462,,542,,"101,454",101,"26,385","2,663,537","9,906 ",North America,"109,9060",,,"54,714"
196,Faeroe Islands,757,,1 ,,728,+1,28,,"15,436",20,"294,170","5,998,573","49,040 ",Europe,"6549,0400",,,571
197,Diamond Princess,712,,13 ,,699,,0,,,,,, ,,,,,
198,Cayman Islands,593,,2 ,,581,,10,,"8,923",30,"101,192","1,522,715","66,455 ",North America,"11233,2281",,,150
199,Tanzania,509,,21 ,,183,,305,7,8,0.3,,,"61,342,579 ",Africa,"120,5162,921,075",,,5
200,Wallis and Futuna,445,,7 ,,438,,0,,"40,268",633,"20,508","1,855,760","11,051 ",Australia/Oceania,"251,5791",,,
201,Brunei ,248,,3 ,,239,,6,,562,7,"133,432","302,251","441,461 ",Asia,"1,780147,1543",,,14
202,British Virgin Islands,248,,1 ,,209,,38,,"8,152",33,"39,777","1,307,508","30,422 ",North America,"12330,4221",,,"1,249"
203,Saint Kitts and Nevis,209,+22, ,,64,,145,1,"3,902",,"19,154","357,638","53,557 ",North America,2563,411,,"2,707"
204,Dominica,189,, ,,188,,1,,"2,619",,"17,447","241,796","72,156 ",North America,3824,,,14
205,Grenada,161,,1 ,,160,,0,,"1,425",9,"28,684","253,798","113,019 ",North America,"702113,0194",,,
206,New Caledonia,128,, ,,58,,70,,444,,"33,057","114,739","288,107 ",Australia/Oceania,"2,2519",,,243
207,Anguilla,109,, ,,109,,0,,"7,204",,"22,201","1,467,350","15,130 ",North America,1391,,,
208,Falkland Islands,63,, ,,63,,0,,"17,617",,"7,307","2,043,345","3,576 ",South America,570,,,
209,Macao,52,, ,,51,,1,,79,,"4,483","6,816","657,740 ",Asia,"12,649147",,,2
210,Greenland,44,, ,,40,,4,,774,,"26,882","472,742","56,864 ",North America,"1,2922",,,70
211,Vatican City,27,, ,,27,,0,,"33,624",,,,803 ,Europe,30,,,
212,Saint Pierre Miquelon,25,, ,,25,,0,,"4,335",,"5,736","994,625","5,767 ",North America,2311,,,
213,Montserrat,20,,1 ,,19,,0,,"4,004",200,"1,408","281,882","4,995 ",North America,"2504,9954",,,
214,Solomon Islands,20,, ,,20,,0,,28,,"4,500","6,403","702,826 ",Australia/Oceania,"35,141156",,,
215,Western Sahara,10,,1 ,,8,,1,,16,2,,,"611,239 ",Africa,"61,124611,239",,,2
216,MS Zaandam,9,,2 ,,7,,0,,,,,, ,,,,,
217,Vanuatu,4,,1 ,,3,,0,,13,3,"23,000","73,262","313,940 ",Australia/Oceania,"78,485313,94014",,,
218,Marshall Islands,4,, ,,4,,0,,67,,,,"59,570 ",Australia/Oceania,"14,893",,,
219,Samoa,3,, ,,3,,0,,15,,,,"199,668 ",Australia/Oceania,"66,556",,,
220,Saint Helena,2,, ,,2,,0,,328,,,,"6,094 ",Africa,"3,047",,,
221,Micronesia,1,, ,,1,,0,,9,,,,"116,169 ",Australia/Oceania,"116,169",,,
222,China,"91,471",+20,"4,636 ",,"86,352",+8,483,14,64,3,"160,000,000","111,163","1,439,323,776 ",Asia,"15,735310,4679",0.01,,0.3
,Total:,"40,196,072","+1,584","908,077",+64,"33,337,352","+3,484","5,950,643","11,787",,,,,,North America, ,,,,,
,Total:,"53,711,562","+43,305","749,653",+730,"50,868,040","+56,003","2,093,869","27,215",,,,,,Asia, ,,,,,
,Total:,"30,763,182","+2,152","947,002",+72,"27,868,781","+2,363","1,947,399","32,343",,,,,,South America, ,,,,,
,Total:,"47,238,679","+16,783","1,087,642",+566,"44,592,515","+22,565","1,558,522","10,314",,,,,,Europe, ,,,,,
,Total:,"5,105,343",+316,"135,393",+4,"4,559,836",+311,"410,114","2,775",,,,,,Africa, ,,,,,
,Total:,"70,529",+126,"1,256",+1,"67,505",+32,"1,768",10,,,,,,Australia/Oceania, ,,,,,
,Total:,721,,15,,706,,0,0,,,,,,, ,,,,,
,Total:,"177,086,088","+64,266","3,829,038","+1,437","161,294,735","+84,758","11,962,315","84,444","22,718.5",491.2,,,,All,,,,,,,
